  2454225.218116        1.000160          1  
  2454225.219136        0.998735          1  
  2454225.220186        1.001465          1  
  2454225.221266        1.000436          1  
  2454225.222326        1.001240          1  
  2454225.223406        1.000033          1  
  2454225.224455        1.000639          1  
  2454225.225515        1.000825          1  
  2454225.226575        1.001070          1  
  2454225.227645        1.000334          1  
  2454225.228715        1.000611          1  
  2454225.229795        0.999231          1  
  2454225.230855        1.001089          1  
  2454225.231925        1.000578          1  
  2454225.232985        1.001851          1  
  2454225.234065        1.000654          1  
  2454225.235135        1.000394          1  
  2454225.236195        1.000330          1  
  2454225.237244        1.000342          1  
  2454225.238324        1.002217          1  
  2454225.239384        0.999677          1  
  2454225.240444        1.000297          1  
  2454225.241504        0.998553          1  
  2454225.242584        0.999519          1  
  2454225.243664        0.997849          1  
  2454225.244704        0.998245          1  
  2454225.245764        0.997094          1  
  2454225.246844        0.995431          1  
  2454225.247914        0.995469          1  
  2454225.248974        0.996374          1  
  2454225.250023        0.994181          1  
  2454225.251103        0.994731          1  
  2454225.252143        0.994984          1  
  2454225.253203        0.993361          1  
  2454225.254263        0.993995          1  
  2454225.255323        0.994007          1  
  2454225.256383        0.994491          1  
  2454225.257433        0.994808          1  
  2454225.258483        0.991679          1  
  2454225.259553        0.995289          1  
  2454225.260603        0.993070          1  
  2454225.261683        0.993791          1  
  2454225.262732        0.992575          1  
  2454225.263812        0.993900          1  
  2454225.264862        0.994233          1  
  2454225.265912        0.993991          1  
  2454225.266972        0.992361          1  
  2454225.268042        0.995089          1  
  2454225.269112        0.994483          1  
  2454225.270162        0.994781          1  
  2454225.271212        0.995074          1  
  2454225.272292        0.995603          1  
  2454225.273352        0.995615          1  
  2454225.274412        0.996437          1  
  2454225.275461        0.997843          1  
  2454225.276531        0.999159          1  
  2454225.277591        0.998283          1  
  2454225.278631        0.999339          1  
  2454225.279701        0.998473          1  
  2454225.280761        0.999312          1  
  2454225.281841        1.000148          1  
  2454225.282891        0.999248          1  
  2454225.283961        0.999089          1  
  2454225.285011        0.999612          1  
  2454225.286071        0.997496          1  
  2454225.287141        0.998865          1  
  2454225.288200        0.999060          1  
  2454225.289260        0.999743          1  
  2454225.290310        0.999802          1  
  2454225.291360        0.999855          1  
  2454225.292420        1.000915          1  
  2454225.293470        0.999036          1  
  2454225.294540        0.999814          1  
  2454225.295600        1.000084          1  
  2454225.296660        0.998686          1  
  2454225.297720        0.999357          1  
  2454225.298770        1.001974          1  
  2454225.299820        0.997920          1  
  2454225.300880        1.000600          1  
  2454225.301939        1.000285          1  
  2454225.302999        1.000817          1  
  2454225.304069        1.000270          1  
  2454225.305149        1.000014          1  
  2454225.306229        0.999267          1  
  2454225.307279        1.001057          1  
  2454225.308329        1.001603          1  
  2454225.309419        1.000553          1  
  2454225.310469        1.001751          1  
  2454225.311539        1.002203          1  
  2454225.312589        1.000313          1  
  2454225.313629        1.000360          1  
  2454225.314688        1.000229          1  
  2454225.315748        1.000714          1  
  2454225.316818        0.999478          1  
  2454225.317868        0.999161          1  
  2454225.318918        1.000809          1  
  2454225.319988        1.000334          1  
  2454225.321048        0.998674          1  
  2454225.322138        1.000967          1  
  2454225.323178        0.998236          1  
  2454225.324228        1.002309          1  
  2454225.325298        1.000525          1  
  2454225.326348        1.000003          1  
  2454225.327417        0.999783          1  
  2454225.328467        1.000175          1  
  2454225.329537        0.998924          1  
  2454225.330587        1.001078          1  
  2454225.331637        1.001421          1  
  2454225.332707        0.998960          1  
  2454225.333757        0.999875          1  
  2454225.334807        0.998821          1  
  2454225.335887        1.000075          1  
  2454225.336927        1.000013          1  
  2454225.337977        0.998127          1  
  2454225.339037        0.998792          1  